0 40
0 41
1 41
1 42
2 42
3 42
4 42
4 43
5 43
6 43
7 43
4 44
4 46
4 47
4 48
5 48
5 49
5 50
6 50
6 51
7 51
7 52
8 52
8 53
9 53
9 54
10 54
10 55
10 56
11 56
11 57
12 57
12 58
13 58
13 59
14 59
14 60
15 60
16 60
16 61
17 61
17 62
18 62
19 62
19 63
20 63
21 63
21 64
22 64
23 64
23 65
24 65
25 65
25 66
26 66
26 67
27 67
27 68
28 68
28 69
29 69
29 70
30 70
30 71
31 71
31 72
32 72
32 73
33 73
33 74
34 74
35 74
36 74
37 74
38 74
39 74
39 76
39 77
40 77
40 78
40 79
41 79
41 80
42 80
42 81
43 81
43 82
44 82
45 82
45 83
46 83
46 84
46 85
47 85
47 86
48 86
49 86
49 87
48 87
47 87
46 86
45 84
45 85
44 83
44 84
43 83
42 82
41 81
41 82
40 80
40 81
39 78
39 79
39 80
38 75
38 76
38 77
38 78
38 79
38 80
37 75
37 76
37 77
37 78
37 79
37 80
36 75
36 76
36 77
36 78
36 79
35 75
35 76
35 77
35 78
34 75
34 76
34 77
34 78
33 75
33 76
33 77
35 73
36 73
37 73
38 73
39 73
32 74
32 75
32 76
32 77
35 72
36 72
37 72
38 72
39 72
31 73
31 74
31 75
31 76
30 72
30 73
30 74
30 75
29 71
29 72
29 73
29 74
28 70
28 71
28 72
28 73
28 74
27 69
27 70
27 71
27 72
27 73
26 68
26 69
26 70
26 71
26 72
26 73
25 67
25 68
25 69
25 70
25 71
25 72
24 66
24 67
24 68
24 69
24 70
24 71
24 72
23 66
23 67
23 68
23 69
23 70
23 71
22 65
22 66
22 67
22 68
22 69
22 70
22 71
21 65
21 66
21 67
21 68
21 69
21 70
21 71
20 64
20 65
20 66
20 67
20 68
20 69
20 70
20 71
20 72
19 64
19 65
19 66
19 67
19 68
19 69
19 70
18 63
18 64
18 65
18 66
18 67
18 68
18 69
17 63
17 64
17 65
17 66
17 67
17 68
16 62
16 63
16 64
16 65
15 61
15 62
15 63
14 61
14 62
13 60
13 61
13 62
12 59
12 60
11 58
11 59
11 60
10 57
10 58
9 55
9 56
9 57
9 58
8 54
8 55
8 56
8 57
7 53
7 54
7 55
7 56
6 52
6 53
6 54
6 55
6 56
5 51
5 52
5 53
5 54
4 49
4 50
4 51
4 52
4 53
6 42
7 42
8 42
9 42
3 43
3 44
3 45
3 46
3 47
3 48
3 49
3 50
3 51
3 52
2 43
2 44
2 45
1 43
0 42
